id,language,title,twitter_id
twitter1,fr,#Cannes,458596715726000128
twitter2,fr,#Arte,454650867757490176
